G{1} = [6.2785, 1.9598];

G{2} = [6.6632, 2.0825];

G{3} = [7.0554, 2.2076];

G{4} = [7.4561, 2.3358];

G{5} = [7.8656, 2.4671];

G{6} = [8.2852, 2.6011];

G{7} = [8.7144, 2.7375];

G{8} = [9.1536, 2.8763];

G{9} = [9.6031, 3.0188];

G{10} = [10.063, 3.1652];

G{11} = [10.532, 3.3136];

G{12} = [11.008, 3.4638];

G{13} = [11.494, 3.6162];

G{14} = [11.989, 3.7712];

G{15} = [12.492, 3.9291];

G{16} = [13.005, 4.0883];

G{17} = [13.526, 4.2487];

G{18} = [14.057, 4.41];

G{19} = [14.599, 4.5723];

G{20} = [15.152, 4.7368];

G{21} = [15.715, 4.904];

G{22} = [16.287, 5.0715];

G{23} = [16.865, 5.2381];

G{24} = [17.453, 5.4049];

G{25} = [18.048, 5.5727];

G{26} = [18.651, 5.7412];

G{27} = [19.26, 5.9101];

G{28} = [19.877, 6.079];

G{29} = [20.502, 6.2479];

G{30} = [21.135, 6.4157];

G{31} = [21.777, 6.5842];

G{32} = [22.428, 6.7538];

G{33} = [23.088, 6.924];

G{34} = [23.758, 7.0942];

G{35} = [24.437, 7.2643];

G{36} = [25.127, 7.4341];

G{37} = [25.826, 7.6045];

G{38} = [26.535, 7.7746];

G{39} = [27.253, 7.9438];

G{40} = [27.981, 8.1126];

G{41} = [28.718, 8.2791];

G{42} = [29.466, 8.445];

G{43} = [30.221, 8.6112];

G{44} = [30.986, 8.7768];

G{45} = [31.76, 8.9415];

G{46} = [32.542, 9.1052];

G{47} = [33.333, 9.2685];

G{48} = [34.132, 9.4312];

G{49} = [34.94, 9.5926];

G{50} = [35.756, 9.7532];

G{51} = [36.579, 9.9136];

G{52} = [37.411, 10.074];

G{53} = [38.25, 10.234];

G{54} = [39.098, 10.392];

G{55} = [39.952, 10.55];

G{56} = [40.812, 10.708];

G{57} = [41.678, 10.863];

G{58} = [42.548, 11.016];

G{59} = [43.425, 11.168];

G{60} = [44.307, 11.319];

G{61} = [45.196, 11.469];

G{62} = [46.093, 11.617];

G{63} = [46.996, 11.764];

G{64} = [47.907, 11.909];

G{65} = [48.826, 12.054];

G{66} = [49.752, 12.196];

G{67} = [50.685, 12.337];

G{68} = [51.625, 12.478];

G{69} = [52.571, 12.619];

G{70} = [53.525, 12.757];

G{71} = [54.486, 12.894];

G{72} = [55.454, 13.03];

G{73} = [56.429, 13.164];

G{74} = [57.411, 13.298];

G{75} = [58.4, 13.429];

G{76} = [59.396, 13.56];

G{77} = [60.399, 13.689];

G{78} = [61.409, 13.817];

G{79} = [62.425, 13.944];

G{80} = [63.448, 14.07];

G{81} = [64.478, 14.195];

G{82} = [65.514, 14.319];

G{83} = [66.556, 14.442];

G{84} = [67.605, 14.563];

G{85} = [68.661, 14.683];

G{86} = [69.722, 14.802];

G{87} = [70.79, 14.919];

G{88} = [71.865, 15.036];

G{89} = [72.945, 15.152];

G{90} = [74.032, 15.265];

G{91} = [75.124, 15.377];

G{92} = [76.222, 15.487];

G{93} = [77.325, 15.596];

G{94} = [78.434, 15.703];

G{95} = [79.549, 15.809];

G{96} = [80.668, 15.913];

G{97} = [81.794, 16.016];

G{98} = [82.924, 16.118];

G{99} = [84.059, 16.219];

G{100} = [85.198, 16.317];

G{101} = [86.341, 16.414];

G{102} = [87.489, 16.509];

G{103} = [88.64, 16.602];

G{104} = [89.794, 16.695];

G{105} = [90.953, 16.785];

G{106} = [92.116, 16.875];

G{107} = [93.282, 16.964];

G{108} = [94.452, 17.051];

G{109} = [95.627, 17.138];

G{110} = [96.804, 17.224];

G{111} = [97.985, 17.311];

G{112} = [99.169, 17.398];

G{113} = [100.35, 17.485];

G{114} = [101.54, 17.572];

G{115} = [102.73, 17.659];

G{116} = [103.92, 17.746];

G{117} = [105.11, 17.834];

G{118} = [106.3, 17.922];

G{119} = [107.5, 18.01];

G{120} = [108.7, 18.099];

G{121} = [109.9, 18.187];

G{122} = [111.1, 18.275];

G{123} = [112.3, 18.362];

G{124} = [113.51, 18.449];

G{125} = [114.72, 18.536];

G{126} = [115.94, 18.623];

G{127} = [117.15, 18.71];

G{128} = [118.37, 18.796];

G{129} = [119.59, 18.882];

G{130} = [120.81, 18.968];

G{131} = [122.04, 19.054];

G{132} = [123.26, 19.14];

G{133} = [124.49, 19.225];

G{134} = [125.73, 19.311];

G{135} = [126.96, 19.397];

G{136} = [128.2, 19.483];

G{137} = [129.44, 19.568];

G{138} = [130.68, 19.654];

G{139} = [131.92, 19.74];

G{140} = [133.17, 19.826];

G{141} = [134.42, 19.913];

G{142} = [135.67, 20.001];

G{143} = [136.92, 20.093];

G{144} = [138.18, 20.186];

G{145} = [139.44, 20.283];

G{146} = [140.7, 20.382];

G{147} = [141.96, 20.484];

G{148} = [143.23, 20.588];

G{149} = [144.49, 20.693];

G{150} = [145.76, 20.799];

G{151} = [147.03, 20.906];

G{152} = [148.29, 21.013];

G{153} = [149.56, 21.12];

G{154} = [150.83, 21.227];

G{155} = [152.1, 21.333];

G{156} = [153.37, 21.438];

G{157} = [154.65, 21.543];

G{158} = [155.92, 21.648];

G{159} = [157.2, 21.752];

G{160} = [158.48, 21.856];

G{161} = [159.76, 21.959];

G{162} = [161.04, 22.062];

G{163} = [162.32, 22.164];

G{164} = [163.61, 22.266];

G{165} = [164.89, 22.367];

G{166} = [166.18, 22.468];

G{167} = [167.47, 22.569];

G{168} = [168.76, 22.668];

G{169} = [170.05, 22.768];

G{170} = [171.34, 22.866];

G{171} = [172.64, 22.964];

G{172} = [173.93, 23.061];

G{173} = [175.23, 23.158];

G{174} = [176.53, 23.254];

G{175} = [177.83, 23.35];

G{176} = [179.13, 23.446];

G{177} = [180.43, 23.541];

G{178} = [181.74, 23.636];

G{179} = [183.04, 23.732];

G{180} = [184.35, 23.829];

G{181} = [185.66, 23.926];

G{182} = [186.97, 24.023];

G{183} = [188.28, 24.12];

G{184} = [189.59, 24.218];

G{185} = [190.91, 24.314];

G{186} = [192.23, 24.41];

G{187} = [193.55, 24.506];

G{188} = [194.87, 24.602];

G{189} = [196.2, 24.699];

G{190} = [197.52, 24.796];

G{191} = [198.86, 24.894];

G{192} = [200.19, 24.993];

G{193} = [201.53, 25.093];

G{194} = [202.87, 25.194];

G{195} = [204.21, 25.294];

G{196} = [205.56, 25.394];

G{197} = [206.91, 25.493];

G{198} = [208.26, 25.592];

G{199} = [209.61, 25.691];

G{200} = [210.95, 25.79];

G{201} = [212.3, 25.891];

G{202} = [213.64, 25.992];

G{203} = [214.98, 26.092];

G{204} = [216.32, 26.192];

G{205} = [217.65, 26.29];

G{206} = [218.98, 26.386];

G{207} = [220.3, 26.481];

G{208} = [221.61, 26.576];

G{209} = [222.92, 26.671];

G{210} = [224.23, 26.767];

G{211} = [225.53, 26.864];

G{212} = [226.82, 26.96];

G{213} = [228.1, 27.055];

G{214} = [229.38, 27.15];

G{215} = [230.65, 27.243];

G{216} = [231.91, 27.335];

G{217} = [233.16, 27.426];

G{218} = [234.4, 27.517];

G{219} = [235.62, 27.607];

G{220} = [236.84, 27.697];

G{221} = [238.05, 27.785];

G{222} = [239.24, 27.871];

G{223} = [240.42, 27.956];

G{224} = [241.59, 28.038];

G{225} = [242.74, 28.118];

G{226} = [243.87, 28.196];

G{227} = [244.99, 28.27];

G{228} = [246.09, 28.34];

G{229} = [247.17, 28.407];

G{230} = [248.23, 28.47];

G{231} = [249.27, 28.528];

G{232} = [250.28, 28.58];

G{233} = [251.28, 28.626];

G{234} = [252.26, 28.664];

G{235} = [253.21, 28.693];

G{236} = [254.15, 28.712];

G{237} = [255.06, 28.719];

G{238} = [255.06, 28.719];

G{239} = [255.93, 28.701];

G{240} = [256.79, 28.669];

G{241} = [257.62, 28.622];

G{242} = [258.43, 28.559];

G{243} = [259.23, 28.479];

G{244} = [260.01, 28.385];

G{245} = [260.77, 28.273];

G{246} = [261.52, 28.141];

G{247} = [262.26, 27.992];

G{248} = [262.99, 27.824];

G{249} = [263.72, 27.635];

G{250} = [264.43, 27.423];

G{251} = [265.13, 27.191];

G{252} = [265.81, 26.939];

G{253} = [266.49, 26.668];

G{254} = [267.15, 26.378];

G{255} = [267.8, 26.07];

G{256} = [268.43, 25.743];

G{257} = [269.04, 25.399];

G{258} = [269.64, 25.037];

G{259} = [270.23, 24.659];

G{260} = [270.8, 24.264];

G{261} = [271.36, 23.853];

G{262} = [271.91, 23.422];

G{263} = [272.44, 22.971];

G{264} = [272.96, 22.502];

G{265} = [273.47, 22.017];

G{266} = [273.96, 21.514];

G{267} = [274.43, 20.994];

G{268} = [274.89, 20.458];

G{269} = [275.33, 19.906];

G{270} = [275.76, 19.34];

G{271} = [276.17, 18.759];

G{272} = [276.56, 18.164];

G{273} = [276.93, 17.555];

G{274} = [277.29, 16.932];

G{275} = [277.63, 16.296];

G{276} = [277.95, 15.646];

G{277} = [278.25, 14.984];

G{278} = [278.53, 14.31];

G{279} = [278.79, 13.624];

G{280} = [279.03, 12.928];

G{281} = [279.24, 12.222];

G{282} = [279.43, 11.508];

G{283} = [279.6, 10.786];

G{284} = [279.74, 10.056];

G{285} = [279.86, 9.3215];

G{286} = [279.95, 8.5817];

G{287} = [280.02, 7.8374];

G{288} = [280.07, 7.0897];

G{289} = [280.09, 6.3397];

G{290} = [280.09, 5.5873];

G{291} = [280.07, 4.8331];

